18.69344
4.12440
0.78472
3.01516
1.18139
7.63048
10.31254
6.21528
1.83235
17.52860
13.76769
5.55933
12.30006
4.05056
6.29550
9.30559
11.40022
8.71888
6.67647
4.90387
1.26368
6.26947
5.13401
4.94228
14.65686
5.11526
0.15074
6.55933
1.51926
4.52404
4.85259
1.48564
9.48190
9.80295
9.14856
8.74680
3.84260
8.44222
2.10404
0.50897
9.44549
9.83642
5.60280
0.29177
17.03350
2.70004
9.44489
4.72244
5.84805
4.54445
9.83400
5.61637
14.40261
11.01854
1.85357
0.63633
5.87827
5.71562
3.43562
12.52836
5.78889
5.99334
8.59845
5.45774
2.58370
6.86871
5.16765
5.97865
5.38627
13.94158
9.96919
4.01042
4.02452
18.58370
0.07839
3.91704
11.02385
3.21356
7.23083
13.46589
3.28962
21.08611
0.83418
16.39305
6.61786
17.51669
0.96662
3.32222
14.79107
12.78437
6.96671
9.63643
0.91823
6.01235
0.01633
11.99333
8.45933
1.09912
14.67544
12.68891
10.09069
15.07366
1.12715
10.67778
9.00981
5.65555
11.91752
0.81132
6.23222
19.22876
0.27491
9.65790
6.12419
0.19344
3.23721
6.77503
0.57776
2.09686
14.16824
22.01517
5.51997
8.37533
3.61893
4.53302
6.67424
1.87779
2.78437
3.52781
12.46711
8.28021
13.61313
10.23016
5.68802
6.92557
3.35187
4.36701
3.16026
18.69052
5.21808
2.17593
7.75161
5.98335
12.89543
4.32050
2.33929
4.40699
3.73101
1.90098
3.05030
5.83849
20.02716
7.11216
0.69189
7.67284
7.08481
10.40227
15.05608
5.06928
7.62511
7.06689
16.30004
10.27285
3.26729
8.64547
14.52677
7.53023
6.71520
10.85002
8.44772
1.53662
14.19969
1.34445
19.98667
4.16799
4.27208
10.67544
14.83491
14.99123
7.22261
1.79733
12.72598
14.87395
4.25891
3.41346
29.50642
14.42416
5.93072
13.91262
4.65279
7.75066
2.49889
0.91311
12.21528
0.41457
8.34211
14.28962
12.21736
8.73550
7.61611
8.52404
3.65150
11.56210
0.67708
10.32457
7.44169
10.85450
1.92463
3.67424
12.60895
5.40699
2.57776
2.85059
19.78105
0.54606
17.80196
12.35718
0.17342
4.25188
9.85002
7.89250
13.31821
14.05971
7.20999
10.01572
7.77617
2.00981
12.18593
1.31946
5.01333
10.63824
10.50556
5.68183
6.20728
3.31371
14.05250
15.97232
8.12599
2.26086
11.26512
2.55933
9.12061
2.28021
15.47673
0.80759
6.89267
6.60280
5.44365
1.99660
10.93197
12.26440
6.06700
2.69046
18.01112
10.82317
8.70011
8.21248
19.11956
14.41173
3.91160
13.36684
2.78965
2.19071
11.43057
10.13378
9.26858
15.48579
2.34850
19.75066
7.03935
15.03935
1.88725
14.64298
4.51593
19.54445
10.27285
3.65687
2.34616
1.30360
15.94464
6.34211
7.49359
8.15092
5.88968
12.02385
5.89210
16.60272
12.58822
11.95119
