0.03645
0.58614
6.71589
0.60391
5.97331
0.53440
0.26843
1.72228
0.07913
0.21691
0.13737
0.02768
11.02113
0.26931
3.26690
0.12813
0.08420
0.55987
0.05554
0.18374
0.12276
0.12126
0.01116
0.32051
0.26812
1.32893
3.34928
0.16595
0.20808
0.12127
3.60671
0.31792
0.19377
0.97829
6.54433
0.10066
0.21685
0.10549
7.35425
7.12263
0.22419
0.64484
0.11200
0.20756
0.26083
0.08933
0.27495
0.41343
14.69057
0.21037
0.56062
0.40676
0.17690
0.31366
0.47158
0.50739
0.04926
0.69785
2.82795
0.06218
0.30005
0.17290
1.93886
7.87492
0.28639
0.55987
0.32721
0.21891
0.85367
0.51149
1.96466
0.35579
0.50044
0.85727
5.91603
0.23340
0.33853
0.94535
0.96782
5.44443
0.30814
8.26713
1.29436
12.36817
0.24396
0.08648
0.38579
0.43032
0.55050
2.80528
0.37433
0.59744
0.07308
0.07871
0.11884
0.17897
