0.02523
0.04125
0.01967
0.00914
0.10470
0.07159
0.13749
0.05996
0.25471
0.12830
0.03660
0.08422
0.01024
0.11926
0.00873
0.10033
0.03065
0.00017
0.05720
0.00006
0.02105
0.00558
0.06586
0.01922
0.54090
0.11112
0.21276
0.06028
0.02197
0.03294
0.15548
0.01052
0.18777
0.07713
0.09744
0.01678
0.05135
0.01367
0.07971
0.01410
0.09068
0.10763
0.00174
0.04808
0.18588
0.13144
0.06213
0.04157
0.04517
0.06733
0.53036
0.13269
0.03706
0.03745
0.00545
0.01651
0.05630
0.09244
0.01035
0.06059
0.18554
0.05162
0.39233
0.08168
0.08836
0.20681
0.08099
0.04720
0.11688
0.10420
0.06579
0.08483
0.00048
0.07262
0.08375
0.01674
0.04902
0.17066
0.11138
0.42641
0.13095
0.12140
0.05323
0.16842
0.06372
0.08141
0.09050
0.12401
0.08053
0.07712
0.04850
0.09787
0.33278
0.01459
0.12217
0.00333
